DURACAO;AVL EIXO X;AVL EIXO Y;AVL EIXO Z
0;-0.026;0.053;-0.012
40;-0.026;0.053;-0.012
80;0.019;0.063;-0.007
120;0.010;0.037;-0.004
160;0.010;0.009;0.005
200;0.004;0.040;-0.001
240;0.013;0.005;0.005
280;0.015;-0.104;0.007
320;0.037;-0.160;0.021
360;0.052;-0.188;0.052
400;0.035;-0.110;0.096
440;0.023;-0.115;0.019
480;0.029;-0.001;0.018
520;-0.005;-0.051;0.009
560;0.015;0.057;0.013
600;0.015;-0.084;-0.002
640;0.012;-0.042;0.004
680;0.003;-0.013;0.011
700;0.006;-0.008;0.010
740;0.001;-0.021;0.005
780;0.003;-0.030;-0.002
820;0.011;-0.009;-0.001
860;0.009;-0.026;0.005
880;0.012;-0.029;0.001
920;0.002;-0.004;0.005
960;-0.004;-0.034;-0.002
1000;-0.007;-0.006;0.002
1040;0.004;-0.014;0.004
1080;0.016;-0.024;0.007
1120;0.015;-0.009;0.007
1160;0.010;-0.008;0.009
1200;0.001;-0.001;0.004
1240;-0.005;-0.002;0.000
1280;0.001;0.011;0.001
1320;0.005;-0.016;0.005
1360;0.000;-0.003;0.007
1380;-0.002;-0.005;0.009
1420;-0.002;-0.004;0.007
1460;-0.003;-0.007;0.004
1500;-0.004;-0.002;0.005
1540;-0.002;0.004;0.004
1580;-0.001;-0.002;0.004
1620;-0.001;0.002;0.002
1660;-0.004;-0.003;0.002
1700;-0.004;0.003;-0.005
1740;-0.007;0.012;-0.010
1780;-0.009;0.023;-0.007
1820;0.002;0.024;-0.007
1860;0.005;-0.006;-0.004
1900;0.000;-0.001;-0.002
1940;-0.002;-0.002;0.001
1980;-0.002;-0.003;0.005
2020;-0.005;0.007;-0.002
2060;-0.007;0.000;-0.004
2100;-0.007;0.014;-0.002
2140;-0.004;0.000;0.002
2160;-0.007;0.001;0.001
2200;-0.009;0.006;-0.004
2240;-0.010;0.000;-0.004
2280;-0.010;0.004;-0.004
2320;-0.008;0.004;-0.001
2360;-0.008;0.004;-0.001
2400;-0.004;-0.006;0.001
2440;-0.001;-0.009;0.002
2480;-0.004;-0.005;0.008
2520;-0.002;-0.013;0.002
2560;-0.009;0.002;0.002
2600;-0.009;-0.007;-0.005
2640;-0.002;0.018;0.002
2680;0.006;-0.013;0.005
2720;0.001;-0.024;0.007
2760;-0.006;-0.016;-0.001
2800;0.009;-0.038;0.006
2840;0.020;-0.109;0.013
2880;0.032;-0.115;0.016
2920;0.004;-0.131;0.002
2960;-0.049;-0.082;0.013
3000;-0.079;-0.032;0.028
3040;-0.106;-0.035;0.034
3080;-0.247;-0.029;0.034
3120;-0.491;0.010;0.000
3160;-0.729;0.019;-0.044
3200;-1.050;0.072;-0.104
3240;-1.365;0.113;-0.165
3280;-1.586;0.199;-0.244
3320;-1.810;0.108;-0.291
3360;-1.590;0.018;-0.306
3400;-1.334;-0.150;-0.334
3440;-1.012;-0.156;-0.308
3480;-0.753;-0.115;-0.207
3520;-0.511;-0.095;-0.159
3560;-0.267;-0.079;-0.100
3600;-0.084;-0.034;-0.079
3640;0.011;0.023;-0.047
3680;0.082;0.105;-0.024
3720;0.137;0.151;-0.012
3760;0.261;0.155;-0.016
3800;0.428;0.120;-0.009
3840;0.553;0.095;0.024
3860;0.618;0.092;0.048
3900;0.757;0.068;0.071
3940;0.865;0.136;0.114
3980;0.900;0.160;0.203
4020;0.956;0.199;0.244
4060;1.009;0.294;0.277
4100;0.938;0.188;0.244
4140;0.822;0.109;0.172
4180;0.693;0.008;0.092
4220;0.445;-0.051;0.031
4260;0.241;-0.129;-0.038
4300;0.173;0.031;-0.117
4340;0.131;0.150;-0.149
4380;0.089;0.301;-0.167
4420;0.203;0.497;-0.193
4460;0.403;0.674;-0.230
4500;0.498;0.740;-0.227
4540;-0.033;0.491;-0.299
4580;0.406;0.155;-0.129
4620;0.277;0.146;0.001
4660;0.155;0.186;-0.003
4700;0.120;0.128;0.084
4740;0.174;-0.002;0.106
4780;0.159;0.097;0.107
4820;0.054;0.307;0.068
4860;-0.070;0.352;0.080
4900;-0.126;0.236;0.076
4940;-0.108;0.134;0.051
4980;-0.094;0.125;0.048
5020;-0.130;0.117;0.091
5040;-0.137;0.080;0.104
5080;-0.073;-0.214;0.150
5100;0.005;-0.416;0.195
5140;0.153;-0.459;0.292
5180;0.387;-0.411;0.396
5220;0.468;-0.442;0.450
5240;0.092;-0.130;0.922
5280;0.565;-0.283;0.242
5320;0.232;0.112;0.239
5360;0.349;0.064;0.217
5400;0.375;0.209;0.159
5440;0.236;0.560;0.185
5480;0.003;0.385;0.156
5520;-0.142;0.346;0.086
5540;-0.203;0.354;0.027
5580;-0.294;0.299;-0.029
5620;-0.261;0.197;-0.035
5660;-0.259;0.137;-0.078
5700;-0.217;0.216;-0.139
5740;-0.118;0.223;-0.202
5780;0.037;0.196;-0.252
5820;0.224;0.223;-0.323
5860;0.709;0.966;-0.393
5880;0.331;0.999;-0.430
5920;0.067;-0.583;-0.506
5960;0.229;0.088;-0.195
6000;-0.148;0.188;-0.120
6040;-0.037;0.055;-0.011
6080;-0.140;0.328;0.057
6120;-0.264;-0.018;-0.024
6160;-0.270;0.020;-0.023
6200;-0.223;-0.273;-0.009
6240;-0.203;-0.227;-0.039
6280;-0.151;-0.311;0.005
6320;-0.121;-0.462;0.053
6360;-0.090;-0.608;0.063
6400;0.048;-0.650;0.137
6440;0.197;-0.653;0.266
6480;0.390;-0.715;0.318
6520;0.532;-0.740;0.498
6560;0.475;0.084;0.605
6600;0.429;-0.061;0.059
6640;-0.103;0.020;0.137
6680;-0.153;-0.414;0.065
6720;0.079;-0.210;0.001
6760;-0.045;-0.316;0.020
6800;-0.374;-0.802;0.031
6840;-0.365;-0.916;-0.020
6880;-0.243;-0.924;-0.013
6920;-0.191;-0.977;-0.021
6960;-0.122;-0.993;-0.038
7000;-0.076;-0.920;-0.055
7040;-0.060;-0.935;-0.124
7080;0.114;-0.881;-0.235
7120;0.408;-0.678;-0.227
7160;0.212;-0.727;-0.319
7200;0.103;-1.658;-0.032
7220;0.071;-1.686;-0.071
7260;0.016;-1.594;-0.159
7300;-0.092;-1.698;0.010
7320;-0.167;-1.918;0.043
7360;-0.092;-2.176;0.062
7400;-0.087;-2.315;0.110
7440;-0.108;-2.467;0.170
7480;-0.122;-2.577;0.210
7520;-0.131;-2.695;0.224
7560;-0.160;-2.783;0.186
7600;-0.162;-2.978;0.108
7640;-0.152;-3.019;0.019
7680;-0.199;-3.158;0.045
7720;-0.319;-3.381;0.131
7760;-0.373;-3.185;0.185
7800;-0.415;-2.966;-0.067
7840;-0.301;-2.910;-0.046
7880;-0.372;-3.151;-0.122
7920;-0.076;-2.751;-0.077
7960;-0.180;-2.473;-0.051
8000;-0.177;-2.184;-0.200
8040;0.024;-1.789;-0.235
8080;0.044;-1.439;-0.218
8120;-0.029;-1.261;-0.235
8160;-0.054;-1.187;-0.205
8200;-0.101;-1.213;-0.109
8240;-0.086;-1.278;-0.101
8280;-0.179;-1.231;-0.174
8320;-0.122;-1.393;-0.183
8360;-0.044;-1.036;-0.184
8400;-0.012;-0.936;-0.163
8440;0.136;-0.608;-0.222
8480;0.130;-0.451;-0.146
8520;0.037;-0.345;-0.111
8560;-0.032;-0.060;-0.158
8600;-0.115;0.183;-0.150
8640;-0.105;0.386;-0.098
8680;-0.115;0.597;-0.119
8720;-0.153;0.640;-0.070
8740;-0.180;0.587;-0.043
8780;-0.233;0.480;-0.021
8820;-0.206;0.470;0.019
8860;-0.130;0.379;0.068
8900;-0.151;0.295;0.096
8940;-0.177;-0.010;0.123
8980;-0.158;-0.141;0.210
9000;-0.043;-0.091;0.283
9040;0.078;-0.049;0.352
9080;0.497;-0.032;0.248
9120;0.194;-0.165;0.290
9160;0.120;-0.340;0.147
9200;0.360;0.076;0.032
9240;0.227;0.301;0.108
9280;0.068;0.158;0.119
9320;-0.053;-0.014;-0.004
9360;-0.099;-0.136;-0.020
9400;-0.026;-0.179;-0.037
9440;0.052;-0.056;-0.087
9480;0.108;-0.026;-0.175
9520;0.111;-0.090;-0.254
9560;0.092;0.052;-0.264
9600;0.314;0.347;-0.294
9640;0.743;0.682;-0.195
9680;0.335;0.254;-0.629
9720;0.206;-0.090;-0.038
9760;-0.018;-0.104;-0.121
9800;-0.530;-0.031;-0.140
9840;-0.092;-0.316;-0.108
9880;0.293;-0.302;-0.100
9920;0.188;-0.141;-0.033
9960;0.011;0.100;0.039
10000;-0.291;0.082;-0.055
10040;-0.235;0.246;-0.028
10080;-0.063;0.439;0.033
10120;0.032;0.280;-0.027
10160;-0.049;0.177;0.039
10200;-0.235;0.192;0.293
10240;0.042;0.222;0.471
10260;0.283;0.217;0.453
10300;0.604;-0.330;0.604
10340;0.187;0.142;0.258
10380;-0.202;-0.012;0.032
10420;-0.343;-0.217;0.037
10460;-0.019;0.252;0.029
10500;0.240;0.421;-0.012
10540;0.086;0.171;-0.221
10580;-0.175;0.153;-0.065
10620;-0.224;0.211;0.012
10660;0.020;0.447;-0.116
10700;0.264;0.618;-0.187
10740;0.297;0.799;-0.208
10780;0.091;0.894;-0.219
10820;0.049;0.835;-0.180
10860;-0.064;1.106;-0.319
10900;0.036;1.062;-0.151
10940;-0.313;1.048;-0.238
10980;-0.432;1.249;-0.183
11020;-0.582;1.000;-0.108
11060;-0.500;0.880;-0.005
11080;-0.338;0.921;0.059
11120;-0.075;1.153;0.031
11160;-0.166;1.274;-0.046
11180;-0.279;1.314;-0.054
11220;-0.450;1.354;-0.006
11260;-0.400;1.252;0.106
11300;-0.200;1.177;0.234
11340;-0.025;0.988;0.392
11360;0.083;0.883;0.494
11400;0.208;0.701;0.756
11440;0.420;1.310;0.454
11480;0.290;1.314;0.145
11520;-0.188;0.909;0.387
11560;-0.122;1.197;0.240
11600;-0.054;1.662;0.159
11640;-0.053;1.726;0.021
11680;-0.321;1.762;0.048
11720;-0.540;1.720;0.025
11760;-0.429;1.753;0.037
11780;-0.345;1.752;0.023
11820;-0.277;1.677;0.001
11860;-0.480;1.683;0.100
11900;-0.784;1.638;0.122
11940;-0.601;1.671;0.164
11980;-0.400;1.911;0.254
12020;-0.572;2.072;0.173
12040;-0.691;2.073;0.186
12080;-0.723;2.070;0.156
12120;-0.537;1.746;0.100
12160;-0.418;1.500;0.144
12200;-0.438;1.475;0.266
12240;-0.428;1.186;0.271
12280;-0.374;0.983;0.304
12320;-0.319;0.944;0.326
12360;-0.419;0.909;0.393
12400;-0.500;0.902;0.387
12440;-0.649;0.962;0.338
12480;-0.736;0.899;0.369
12520;-0.942;0.979;0.423
12540;-1.039;1.035;0.432
12580;-1.008;0.670;0.183
12620;-1.126;0.351;0.332
12660;-0.856;0.044;0.520
12700;-0.743;0.104;0.561
12740;-0.822;0.347;0.431
12760;-0.695;0.342;0.214
12800;-0.486;0.159;0.131
12840;-0.479;0.216;0.314
12880;-0.538;0.059;0.232
12920;-0.305;-0.024;0.142
12960;-0.539;-0.183;0.183
13000;-0.465;-0.020;0.203
13040;-0.508;-0.082;0.188
13060;-0.451;0.062;0.160
13100;-0.423;0.117;0.172
13140;-0.307;0.142;0.192
13180;-0.420;0.097;0.210
13220;-0.373;0.222;0.191
13260;-0.383;0.326;0.197
13300;-0.358;0.145;0.114
13340;-0.197;-0.027;0.159
13380;-0.133;0.134;0.175
13420;-0.150;0.208;0.103
13460;-0.154;0.233;0.159
13500;-0.111;0.056;0.216
13540;0.055;0.041;0.201
13580;0.161;0.040;0.114
13620;0.230;0.002;0.120
13660;0.276;-0.026;0.136
13700;0.368;-0.001;0.139
13740;0.428;0.056;0.205
13780;0.491;0.048;0.227
13820;0.471;0.021;0.232
13860;0.455;0.032;0.216
13900;0.513;0.065;0.154
13940;0.528;0.045;0.109
13980;0.524;-0.004;0.076
14020;0.593;-0.055;0.004
14060;0.833;-0.068;-0.059
14100;0.877;-0.241;-0.114
14140;0.752;-0.245;-0.062
14180;0.760;-0.122;-0.043
14220;0.662;-0.079;-0.060
14260;0.639;0.008;0.013
14300;0.696;0.009;0.073
14340;0.684;0.024;0.136
14380;0.841;0.076;0.143
14420;1.019;0.075;0.129
14460;0.733;-0.092;0.191
14500;0.613;-0.213;0.216
14540;0.764;-0.083;0.263
14580;0.742;-0.098;0.283
14620;0.607;0.031;0.277
14660;0.592;0.075;0.225
14680;0.624;0.049;0.215
14720;0.645;-0.021;0.228
14760;0.613;-0.041;0.258
14800;0.473;-0.007;0.194
14840;0.450;0.099;0.186
14880;0.597;-0.025;0.160
14920;0.659;0.097;0.220
14960;0.557;0.082;0.174
15000;0.453;0.173;0.206
15040;0.354;0.143;0.087
15080;0.546;0.237;0.118
15120;0.622;0.433;0.182
15160;0.611;0.281;0.222
15200;0.566;0.283;0.200
15240;0.432;0.040;0.173
15280;0.316;-0.017;0.187
15320;0.277;0.170;0.180
15340;0.224;0.114;0.169
15380;0.116;0.070;0.169
15420;0.050;-0.024;0.184
15440;0.004;-0.087;0.172
15480;-0.197;-0.247;0.074
15520;-0.288;-0.258;0.025
15560;-0.360;-0.290;0.016
15600;-0.315;-0.202;0.053
15640;-0.336;-0.274;0.023
15680;-0.327;-0.297;0.037
15720;-0.209;-0.103;0.001
15760;-0.132;0.036;0.031
15780;-0.139;0.068;0.027
15820;-0.188;0.079;-0.016
15860;-0.258;-0.031;-0.035
15900;-0.220;-0.056;-0.034
15940;-0.176;-0.056;-0.024
15980;-0.113;-0.032;-0.027
16020;-0.089;-0.090;-0.028
16060;-0.053;-0.055;-0.004
16100;-0.029;-0.012;0.005
16140;-0.035;0.000;-0.021
16180;-0.018;0.012;-0.044
16220;0.020;0.049;-0.033
16260;0.032;0.045;-0.040
16300;0.021;0.030;-0.033
16340;0.010;-0.009;-0.022
16380;0.047;-0.011;-0.016
16420;0.033;-0.023;-0.013
16460;0.043;-0.049;-0.023
16500;0.051;-0.044;-0.011
16540;0.064;0.003;-0.029
16580;0.006;-0.020;-0.016
16620;0.070;0.025;-0.004
16660;-0.007;-0.022;-0.013
16700;-0.013;-0.025;-0.011
16720;0.001;-0.023;-0.011
16760;0.001;-0.066;-0.028
16800;0.005;-0.089;-0.033
16820;0.012;-0.092;-0.037
16860;0.016;-0.073;-0.023
16900;0.010;-0.045;-0.014
16940;0.029;-0.009;-0.010
16980;0.036;-0.005;-0.014
17000;0.034;-0.021;-0.018
17040;0.047;-0.004;0.002
17080;-0.005;-0.022;-0.005
17120;-0.091;-0.046;-0.004
17160;-0.247;-0.083;-0.036
17200;-0.108;-0.186;-0.059
