DURACAO;AVL EIXO X;AVL EIXO Y;AVL EIXO Z
0;-0.001;-0.028;0.000
41;-0.001;-0.028;0.000
80;-0.007;0.011;-0.005
101;-0.001;-0.003;-0.005
140;-0.010;0.005;-0.004
180;-0.005;-0.002;-0.004
220;-0.007;0.001;-0.002
261;-0.002;-0.005;-0.002
300;-0.004;-0.001;-0.002
340;-0.003;-0.001;-0.001
381;-0.004;-0.001;-0.002
420;0.001;-0.005;-0.001
460;0.001;0.002;0.001
500;0.005;-0.003;-0.001
541;0.004;0.001;-0.001
580;0.005;0.001;0.001
620;0.007;-0.004;-0.003
661;0.007;-0.008;-0.004
700;0.008;-0.010;-0.004
740;0.003;-0.003;-0.004
780;0.003;0.000;-0.004
821;0.002;-0.002;-0.005
860;0.007;-0.003;-0.006
900;0.006;-0.002;-0.004
920;0.005;0.003;-0.004
960;0.006;-0.001;-0.002
1000;0.009;0.002;0.001
1020;0.008;0.001;0.000
1061;0.011;0.002;0.003
1100;0.009;0.006;0.005
1140;0.010;0.009;0.005
1180;0.010;0.006;0.006
1220;0.007;0.005;0.005
1261;0.009;0.009;0.003
1300;0.007;0.009;0.006
1321;0.004;0.015;0.007
1360;0.007;-0.003;0.002
1400;0.013;0.000;0.002
1441;0.013;-0.012;-0.004
1480;0.007;-0.001;-0.004
1500;0.005;0.001;-0.005
1541;0.005;0.012;-0.001
1580;0.003;0.020;-0.005
1601;0.001;0.023;-0.004
1640;0.001;0.012;-0.001
1680;0.002;0.007;-0.002
1720;0.010;-0.004;0.001
1761;0.007;-0.005;0.004
1800;0.003;0.000;0.002
1840;-0.002;0.001;0.004
1881;-0.002;0.002;0.004
1920;-0.006;0.004;0.005
1960;-0.003;-0.001;0.005
2000;-0.006;-0.002;0.003
2020;-0.005;0.000;0.003
2060;-0.002;-0.001;0.004
2101;0.001;-0.009;0.004
2140;0.003;-0.009;0.002
2180;-0.002;-0.009;0.004
2220;0.001;0.002;0.004
2261;-0.007;-0.002;0.013
2280;0.000;-0.035;0.015
2321;0.030;-0.099;0.037
2360;0.043;-0.082;0.007
2400;-0.034;0.046;-0.009
2441;-0.111;0.068;-0.006
2480;-0.156;0.035;-0.010
2520;-0.188;0.005;0.017
2560;-0.217;-0.004;0.021
2601;-0.294;0.019;-0.006
2640;-0.348;-0.082;-0.035
2680;-0.492;-0.096;-0.004
2720;-0.651;-0.082;-0.007
2761;-0.828;0.051;-0.029
2800;-0.930;0.162;0.034
2840;-1.074;0.171;0.086
2881;-1.174;0.091;0.100
2920;-1.211;0.051;0.092
2960;-1.117;0.134;0.028
3000;-1.071;0.339;0.060
3041;-0.845;0.349;0.158
3080;-0.667;0.376;0.205
3120;-0.458;0.424;0.273
3161;-0.298;0.345;0.312
3200;-0.081;0.196;0.324
3240;0.156;0.213;0.335
3280;0.358;0.301;0.396
3300;0.470;0.366;0.423
3340;0.775;0.376;0.428
3381;1.131;0.262;0.299
3400;1.134;0.327;0.272
3420;1.103;0.208;0.308
3460;1.141;-0.199;0.409
3500;1.158;-0.517;0.261
3541;0.872;-0.508;0.070
3580;0.814;0.104;0.086
3620;0.618;0.382;0.172
3661;0.449;0.311;0.001
3700;0.363;-0.006;-0.089
3740;0.338;-0.111;-0.075
3780;0.352;0.125;-0.119
3821;0.379;0.364;-0.121
3860;0.378;0.473;-0.182
3881;0.356;0.435;-0.219
3920;0.383;0.369;-0.252
3960;0.348;0.384;-0.179
4000;-0.024;0.149;-0.035
4041;0.038;-0.258;-0.119
4080;0.670;0.191;-0.104
4120;-0.016;0.405;-0.072
4161;-0.392;0.637;-0.004
4200;0.029;0.067;-0.024
4240;-0.069;-0.506;-0.285
4280;-0.238;-0.076;-0.075
4321;-0.200;0.071;0.015
4360;-0.175;0.110;0.060
4400;-0.253;0.233;0.104
4441;-0.227;0.146;0.108
4480;-0.170;-0.016;0.144
4520;-0.082;-0.060;0.232
4560;0.058;-0.147;0.246
4601;0.373;0.144;0.015
4640;0.583;0.384;-0.203
4661;0.506;0.421;-0.158
4700;0.188;-0.018;-0.049
4740;0.150;-0.729;-0.056
4780;0.205;-0.509;-0.065
4821;0.414;0.302;0.238
4860;0.192;0.172;0.265
4900;0.037;0.181;0.057
4941;0.099;-0.089;0.032
4980;0.000;-0.043;-0.018
5020;-0.108;0.155;-0.084
5060;-0.004;0.103;-0.157
5080;0.049;0.099;-0.180
5120;0.072;0.070;-0.184
5161;0.064;0.084;-0.177
5180;0.125;0.142;-0.182
5220;0.254;0.289;-0.206
5261;0.306;0.349;-0.081
5300;-0.136;0.225;-0.198
5340;0.189;0.252;0.041
5381;0.047;0.319;0.280
5420;-0.117;0.371;0.034
5460;0.018;-0.197;-0.167
5500;-0.089;-0.487;-0.098
5541;-0.243;0.108;0.009
5580;-0.209;-0.227;0.046
5620;-0.202;-0.310;0.084
5660;-0.184;-0.058;0.160
5700;-0.111;-0.018;0.174
5740;-0.117;-0.029;0.210
5760;-0.101;0.021;0.258
5800;0.040;-0.097;0.266
5840;0.114;-0.069;0.278
5880;0.376;-0.140;0.175
5920;0.859;0.404;-0.197
5960;0.495;0.878;-0.103
6000;0.217;0.451;-0.147
6040;-0.130;0.129;-0.198
6080;0.120;0.919;0.060
6120;0.290;1.301;0.244
6140;0.123;1.378;0.230
6180;0.045;1.525;0.089
6220;0.142;1.472;0.040
6260;-0.030;1.553;-0.020
6300;-0.086;1.590;-0.101
6340;-0.029;1.720;-0.194
6380;-0.071;1.820;-0.265
6420;-0.148;1.804;-0.283
6460;-0.153;1.812;-0.213
6500;-0.043;1.911;-0.128
6540;0.012;2.040;-0.182
6580;-0.319;2.222;-0.132
6620;-0.572;1.947;-0.042
6660;-0.125;1.852;-0.074
6700;-0.098;2.005;-0.107
6740;-0.192;2.307;-0.083
6780;-0.111;2.243;-0.067
6820;-0.030;2.004;-0.076
6860;-0.010;2.013;0.009
6900;0.015;2.116;0.113
6940;0.014;2.276;0.169
6980;-0.037;2.296;0.182
7020;0.000;2.173;0.201
7060;0.012;2.112;0.247
7100;0.081;1.980;0.318
7140;0.107;1.847;0.389
7180;0.192;1.721;0.432
7220;0.291;1.594;0.436
7260;0.343;1.439;0.308
7300;0.243;1.337;0.161
7340;0.191;1.500;0.102
7380;0.231;1.470;0.043
7420;0.040;1.313;0.062
7460;-0.150;1.038;0.158
7500;-0.093;0.926;0.199
7540;-0.142;0.651;0.324
7580;-0.173;0.492;0.274
7620;-0.056;0.670;0.227
7660;-0.108;0.533;0.225
7700;-0.177;0.522;0.120
7720;-0.157;0.524;0.083
7760;-0.020;0.530;0.036
7800;-0.023;0.627;0.045
7840;-0.026;0.781;-0.025
7880;0.043;0.894;-0.098
7920;0.103;1.069;-0.184
7960;0.094;1.060;-0.158
8000;-0.027;0.671;-0.074
8040;-0.109;0.318;-0.150
8080;0.318;0.572;-0.068
8120;0.217;0.853;0.053
8160;-0.215;0.955;0.060
8200;0.048;0.528;0.001
8240;0.205;-0.112;-0.173
8280;-0.040;0.133;-0.133
8320;-0.106;0.316;-0.036
8360;-0.081;0.089;-0.040
8400;-0.104;0.197;0.008
8440;-0.048;0.200;0.075
8480;0.040;0.139;0.109
8520;0.023;0.074;0.150
8560;-0.057;-0.004;0.224
8600;0.010;-0.037;0.134
8640;0.059;0.030;0.076
8680;0.379;-0.026;-0.098
8720;0.427;0.327;-0.056
8740;0.347;0.188;-0.058
8760;0.336;-0.029;-0.091
8800;0.144;-0.394;-0.203
8840;-0.009;-0.053;-0.166
8880;0.139;0.262;0.115
8920;0.035;0.216;0.041
8940;0.014;0.298;-0.017
8980;0.118;0.273;0.018
9020;0.104;0.144;0.051
9060;0.038;0.109;-0.037
9100;0.064;0.020;-0.112
9140;0.102;0.165;-0.140
9180;-0.014;0.346;-0.093
9200;-0.032;0.390;-0.086
9240;0.004;0.316;-0.036
9280;0.280;0.341;-0.097
9320;-0.022;0.217;-0.048
9360;-0.226;0.474;-0.007
9400;0.075;0.673;0.109
9440;-0.139;0.583;0.086
9480;-0.213;0.231;-0.152
9520;-0.136;-0.551;-0.210
9560;-0.166;-0.354;-0.094
9600;-0.163;-0.194;-0.073
9640;-0.172;-0.198;-0.021
9680;-0.174;-0.051;0.099
9720;-0.126;-0.049;0.121
9760;-0.090;0.059;0.108
9800;-0.122;0.227;0.215
9840;-0.050;0.112;0.294
9880;-0.019;-0.119;0.126
9920;-0.044;-0.080;0.198
9960;0.308;-0.500;0.007
10000;0.626;-0.151;-0.287
10040;0.409;0.547;-0.291
10080;0.114;0.115;-0.122
10100;0.110;-0.202;-0.162
10140;0.042;0.114;-0.066
10180;0.329;0.693;0.163
10220;0.155;0.552;0.188
10260;0.133;0.671;0.124
10300;0.084;0.586;0.120
10340;-0.015;0.481;0.091
10380;-0.016;0.635;0.049
10420;0.032;0.721;-0.055
10460;-0.031;0.784;-0.221
10500;-0.070;0.929;-0.318
10520;-0.092;0.982;-0.304
10560;-0.070;1.126;-0.277
10580;-0.005;1.274;-0.311
10620;-0.053;1.615;-0.349
10640;-0.173;1.571;-0.322
10680;-0.445;1.362;-0.195
10720;-0.588;1.252;-0.041
10760;-0.798;1.089;0.021
10780;-0.726;1.059;-0.088
10820;-0.326;1.260;-0.049
10860;-0.608;1.491;0.133
10900;-0.816;1.576;0.204
10940;-0.535;1.481;0.136
10980;-0.552;1.483;0.100
11020;-0.577;1.472;0.084
11060;-0.563;1.432;0.144
11100;-0.514;1.481;0.212
11140;-0.477;1.436;0.257
11180;-0.493;1.275;0.351
11220;-0.379;1.239;0.433
11260;-0.241;1.086;0.357
11300;-0.171;0.953;0.335
11340;-0.114;0.798;0.338
11380;-0.066;0.694;0.323
11420;-0.054;0.571;0.302
11460;-0.049;0.453;0.283
11500;-0.026;0.381;0.265
11540;-0.029;0.320;0.237
11580;-0.017;0.177;0.264
11620;0.040;0.162;0.243
11660;0.004;0.111;0.188
11700;-0.021;0.046;0.126
11740;-0.046;0.065;0.079
11780;-0.089;0.263;0.105
11820;-0.181;0.374;0.093
11860;-0.350;0.387;0.150
11900;-0.396;0.443;0.254
11940;-0.371;0.582;0.181
11980;-0.578;0.539;0.122
12020;-0.662;0.389;0.137
12060;-0.672;0.233;0.114
12080;-0.637;0.241;0.064
12120;-0.621;0.473;0.077
12160;-0.663;0.393;0.149
12200;-0.585;0.357;0.036
12240;-0.561;0.290;0.054
12280;-0.481;0.195;0.015
12320;-0.407;0.270;0.027
12360;-0.363;0.282;0.050
12400;-0.237;0.164;0.056
12440;-0.046;-0.005;0.036
12480;0.111;-0.108;0.026
12500;0.183;-0.148;0.051
12540;0.313;-0.184;0.042
12580;0.429;-0.144;-0.049
12620;0.469;-0.211;-0.127
12660;0.479;-0.265;-0.161
12700;0.484;-0.230;-0.095
12740;0.548;-0.206;-0.040
12780;0.630;-0.215;-0.011
12820;0.652;-0.184;-0.026
12860;0.611;-0.093;-0.065
12900;0.564;-0.051;-0.062
12940;0.519;-0.011;-0.032
12980;0.473;-0.007;-0.021
13020;0.463;0.013;-0.012
13060;0.464;0.015;-0.002
13080;0.453;-0.007;0.004
13120;0.466;-0.025;0.009
13160;0.476;-0.016;0.037
13200;0.480;-0.034;0.053
13240;0.474;-0.067;0.059
13280;0.464;-0.093;0.057
13320;0.456;-0.075;0.075
13360;0.457;-0.054;0.087
13400;0.461;-0.027;0.092
13440;0.456;0.020;0.111
13480;0.461;0.095;0.116
13520;0.448;0.147;0.123
13560;0.413;0.168;0.115
13600;0.361;0.217;0.071
13640;0.285;0.275;-0.038
13680;0.246;0.435;-0.164
13720;0.191;0.595;-0.279
13760;0.164;0.770;-0.343
13800;0.081;1.032;-0.304
13840;0.143;1.200;-0.279
13880;0.114;0.994;-0.146
13920;0.028;0.977;-0.071
13960;0.082;0.756;-0.024
13980;0.067;0.583;-0.014
14020;0.060;0.358;0.028
14060;0.091;0.200;0.074
14080;0.093;0.095;0.120
14120;0.130;-0.153;0.214
14160;0.123;-0.334;0.310
14200;0.106;-0.395;0.335
14240;0.066;-0.466;0.393
14280;0.022;-0.528;0.461
14320;0.013;-0.660;0.505
14360;-0.018;-0.877;0.549
14400;-0.155;-0.787;0.545
14440;-0.224;-0.729;0.512
14480;-0.293;-0.706;0.454
14520;-0.304;-0.650;0.379
14560;-0.321;-0.572;0.282
14600;-0.286;-0.484;0.175
14640;-0.212;-0.443;0.075
14680;-0.108;-0.241;0.009
14720;0.063;0.046;-0.033
14760;0.166;0.132;-0.061
14800;0.158;0.230;-0.104
14840;0.131;0.296;-0.144
14880;0.100;0.295;-0.191
14920;0.066;0.210;-0.199
14940;0.043;0.167;-0.205
14980;-0.020;0.101;-0.227
15020;-0.021;0.065;-0.219
15040;-0.051;0.041;-0.226
15080;-0.074;-0.007;-0.230
15120;-0.087;-0.003;-0.208
15140;-0.082;0.005;-0.183
15180;-0.068;-0.065;-0.149
15220;-0.005;-0.100;-0.120
15240;0.029;-0.090;-0.103
15280;0.062;-0.160;-0.069
15320;0.068;-0.152;-0.048
15360;0.042;-0.069;-0.035
15400;0.009;-0.037;-0.024
15440;-0.005;-0.034;-0.040
15480;-0.029;0.010;-0.051
15520;-0.049;0.046;-0.042
15560;-0.054;0.035;-0.040
15600;-0.029;0.044;-0.026
15640;-0.033;0.032;-0.012
15660;-0.029;0.061;-0.023
15700;-0.027;0.076;-0.016
15740;-0.057;0.107;-0.012
15780;-0.001;-0.021;-0.010
15820;0.011;-0.036;0.001
15860;0.053;-0.085;0.009
15900;0.042;-0.088;-0.003
15920;0.034;-0.089;-0.003
15960;0.041;-0.057;0.012
16000;0.010;-0.023;-0.002
16040;0.013;-0.051;0.001
16080;0.027;-0.044;-0.009
16120;0.029;-0.027;-0.012
16140;0.037;-0.049;-0.007
16180;0.046;-0.071;-0.010
16220;0.021;-0.065;-0.010
16260;0.017;-0.051;-0.015
16300;0.016;-0.040;-0.011
16340;0.027;-0.042;-0.004
16380;-0.007;-0.022;-0.011
16400;0.001;-0.027;-0.004
16440;-0.062;0.031;0.003
16480;-0.234;0.204;0.017
16520;-0.390;0.397;0.013
16560;0.038;-0.336;0.004
16600;-0.031;-0.108;0.038
