DURACAO;AVL EIXO X;AVL EIXO Y;AVL EIXO Z
0;-0.205;0.046;0.020
80;0.012;0.007;0.007
160;0.029;0.006;0.002
240;0.046;0.012;0.002
320;0.057;-0.001;-0.005
400;0.020;-0.002;-0.004
480;0.001;-0.010;-0.002
560;-0.004;-0.020;-0.002
640;-0.017;-0.023;0.002
720;-0.033;-0.027;0.005
800;-0.021;0.002;0.007
880;-0.005;0.008;0.003
960;-0.012;0.003;-0.002
1040;0.004;0.005;0.004
1120;0.027;0.021;0.001
1200;0.016;0.016;0.004
1280;0.022;0.003;-0.008
1360;0.043;0.007;-0.014
1440;0.045;0.005;-0.001
1520;0.054;0.012;0.001
1600;0.059;-0.005;0.001
1680;0.052;-0.002;-0.009
1760;0.027;0.012;-0.010
1840;0.019;0.012;-0.010
1920;0.015;0.009;0.001
2000;0.034;0.012;-0.001
2080;-0.057;0.021;-0.012
2160;-0.070;-0.052;-0.001
2240;0.002;-0.070;0.028
2320;0.009;-0.025;0.027
2400;0.002;-0.026;0.013
2480;-0.021;0.000;-0.005
2560;0.003;0.007;-0.009
2640;0.008;-0.002;-0.005
2720;0.009;-0.002;-0.005
2800;0.006;-0.018;0.005
2880;-0.049;0.006;0.015
2960;-0.018;0.136;0.023
3040;-0.616;0.013;-0.018
3120;-1.260;-0.078;-0.125
3200;-1.572;-0.222;-0.134
3280;-2.070;-0.155;-0.113
3360;-1.403;-0.135;-0.259
3440;-0.585;0.226;-0.145
3520;-0.205;0.297;-0.176
3600;0.271;0.140;-0.115
3680;0.827;-0.032;0.007
3760;1.060;0.029;0.237
3840;0.988;0.307;0.348
3920;0.650;0.265;0.347
4000;0.508;-0.153;0.294
4080;0.893;-0.578;0.502
4160;1.223;0.589;0.710
4240;1.856;-0.995;0.560
4320;0.489;-1.110;0.095
4400;0.670;0.409;0.138
4480;0.463;-0.363;-0.307
4560;0.266;0.216;-0.316
4640;0.273;-0.078;-0.325
4720;0.124;0.313;-0.339
4800;0.621;0.261;-0.290
4880;-0.361;-0.299;-0.238
4960;-1.064;0.963;0.446
5040;0.853;0.125;-0.379
5120;0.166;0.896;0.142
5200;-0.612;-0.449;0.098
5280;0.001;-0.308;0.297
5360;0.312;-0.360;0.271
5440;0.229;-0.167;0.435
5520;-0.254;-0.298;0.225
5600;0.213;-0.327;0.368
5680;-0.001;-0.124;-0.207
5760;-0.040;0.194;-0.199
5840;-0.145;0.442;-0.476
5920;-0.012;0.823;-0.497
6000;-0.101;0.692;-0.451
6080;0.181;0.662;-0.867
6160;-0.422;1.991;-0.065
6240;-0.798;1.180;-0.610
6320;0.323;2.084;-0.781
6400;0.117;1.464;-0.448
6480;0.445;1.434;-0.124
6560;0.210;1.414;-0.584
6640;-0.296;2.591;-0.596
6720;0.090;2.495;-0.881
6800;0.009;2.441;-1.085
6880;0.001;2.606;-1.242
6960;-0.275;2.607;-1.140
7040;-0.392;2.522;-1.275
7120;-0.423;1.195;-0.981
7200;0.003;1.886;-0.613
7280;-0.197;1.335;-0.681
7360;0.078;1.151;-0.354
7440;-0.177;0.425;-0.188
7520;-0.037;0.280;0.020
7600;-0.056;-0.138;0.087
7680;-0.015;-0.217;0.143
7760;-0.073;-0.487;0.214
7840;-0.137;-0.889;0.244
7920;-0.576;-0.661;0.185
8000;-0.546;-0.734;0.243
8080;-0.341;0.577;0.385
8160;0.944;0.633;-0.400
8240;0.138;0.958;0.351
8320;0.062;0.613;0.071
8400;0.133;0.662;0.172
8480;0.096;0.528;0.064
8560;0.219;0.611;-0.039
8640;0.249;0.555;-0.255
8720;0.638;1.068;-0.090
8800;-0.100;-0.312;0.007
8880;-1.143;0.288;0.137
8960;0.810;-0.026;-0.225
9040;1.106;1.080;-0.437
9120;-0.103;-0.937;0.062
9200;0.195;-0.307;0.294
9280;0.564;0.322;0.539
9360;0.495;-1.118;0.198
9440;-0.200;-0.946;0.230
9520;0.033;0.352;-0.016
9600;0.006;-0.066;-0.268
9680;-0.032;0.370;-0.286
9760;-0.147;0.103;-0.310
9840;-0.023;0.500;-0.242
9920;0.272;0.756;-0.268
10000;-0.578;0.418;0.111
10080;-1.143;0.492;-0.092
10160;1.074;0.789;-0.315
10240;-0.346;0.489;0.005
10320;0.049;0.695;-0.047
10400;0.517;0.199;0.115
10480;0.257;0.726;0.191
10560;0.147;1.162;-0.225
10640;-0.384;2.569;0.150
10720;0.357;2.377;-0.918
10800;-0.235;2.917;-1.415
10880;-0.491;3.384;-1.558
10960;-0.893;3.503;-1.357
11040;-1.184;2.151;-1.784
11120;-1.358;0.998;-0.980
11200;-1.207;1.296;-0.135
11280;-1.100;1.586;0.059
11360;-1.288;1.238;0.247
11440;-1.600;1.602;0.352
11520;-1.516;1.734;0.470
11600;-0.875;1.489;0.375
11680;-0.688;1.494;0.639
11760;-0.492;1.226;0.630
11840;-0.262;0.905;0.542
11920;-0.048;0.770;0.388
12000;0.223;0.441;0.365
12080;0.790;0.255;0.371
12160;1.327;-0.021;0.599
12240;1.861;0.037;0.388
12320;1.932;-0.088;0.467
12400;2.144;-0.451;0.407
12480;2.247;0.048;0.585
12560;0.757;-0.058;0.247
12640;0.603;-0.310;-0.227
12720;0.461;0.104;-0.236
12800;0.099;0.117;-0.092
12880;0.127;-0.779;0.001
12960;-0.115;-0.173;0.108
13040;0.064;0.154;-0.008
13120;-0.159;0.170;-0.119
13200;0.060;0.249;0.078
13280;-0.173;0.012;0.075
13360;0.007;-0.137;0.106
13440;-0.179;0.039;0.034
13520;-0.096;-0.039;-0.030
13600;-0.194;-0.188;-0.066
13680;-0.136;-0.073;-0.005
13760;-0.158;-0.217;0.089
13840;-0.068;-0.223;0.147
13920;-0.059;-0.144;0.057
14000;-0.003;0.053;0.082
14080;-0.061;0.142;0.047
14160;-0.084;0.222;-0.041
14240;0.028;0.297;-0.047
14320;0.021;0.173;-0.065
14400;0.282;-0.108;-0.025
14480;0.184;0.004;-0.054
14560;-0.079;0.070;-0.082
14640;-0.039;-0.013;-0.031
14720;-0.027;0.095;0.002
14800;-0.238;0.123;0.016
14880;-0.068;-0.253;-0.008
14960;0.071;-0.420;0.032
15040;-0.077;0.005;0.097
15120;-0.059;0.029;0.016
15200;-0.007;0.061;-0.037
15280;-0.023;0.049;-0.033
15360;-0.008;-0.004;-0.005
15440;-0.004;-0.034;0.007
15520;0.013;-0.018;0.010
15600;0.029;0.006;0.009
15680;0.016;0.019;-0.004
